[gd_scene format=3 uid="uid://ctx42urrlsqoj"]

[ext_resource type="Script" uid="uid://dr06c4wvrjsmo" path="res://scripts/Prologue/Prologue.gd" id="1_ke06p"]
[ext_resource type="Texture2D" uid="uid://xfe1k3gk6h1k" path="res://assets/textures/sky.png" id="2_ke06p"]
[ext_resource type="Script" uid="uid://caf08fvsymgfn" path="res://scripts/Prologue/Player.gd" id="3_y3k86"]
[ext_resource type="Shader" uid="uid://cdh32lvrnf627" path="res://shaders/shader_chapter_0.gdshader" id="4_1aphw"]
[ext_resource type="FontFile" uid="uid://78n28mmk5f74" path="res://assets/fonts/Geo-Italic.ttf" id="5_6uvvw"]
[ext_resource type="PackedScene" uid="uid://cursl7y2tughc" path="res://assets/models/chapter_0_map/prologue.tscn" id="8_y5b7v"]
[ext_resource type="PackedScene" uid="uid://vvj7o8vrp3qc" path="res://assets/models/bench/bench.tscn" id="9_b460r"]
[ext_resource type="PackedScene" uid="uid://becylmfxbg5ks" path="res://assets/models/trees/pine_tree/pine_tree.tscn" id="10_giphs"]
[ext_resource type="PackedScene" uid="uid://b2myn6s4vdhla" path="res://assets/models/trees/cedar_tree/cedar_tree.tscn" id="11_055tb"]
[ext_resource type="PackedScene" uid="uid://cb2cwc0la82rj" path="res://assets/models/trees/tall_fir_tree/tall_fir_tree.tscn" id="12_khirb"]
[ext_resource type="PackedScene" uid="uid://cja8r23prt8yn" path="res://assets/models/trees/tree_trunk/tree_trunk.tscn" id="13_y0lns"]
[ext_resource type="PackedScene" uid="uid://usue76cgdeok" path="res://assets/models/trees/cedar_tree/cedar_tree.blend" id="14_5gq6l"]
[ext_resource type="PackedScene" uid="uid://c5xxexjm4f7q3" path="res://assets/models/wooden_torch/wooden_torch.tscn" id="15_los3j"]
[ext_resource type="PackedScene" uid="uid://j71rndxs6qdt" path="res://assets/models/silhouette/silhouette.tscn" id="16_21ife"]
[ext_resource type="PackedScene" uid="uid://csw8w3qb74yqd" path="res://assets/models/boulder/boulder.tscn" id="18_0v64l"]
[ext_resource type="PackedScene" uid="uid://b24vs6py64bx3" path="res://assets/models/grass/grass.tscn" id="19_hx8h7"]
[ext_resource type="PackedScene" uid="uid://bcvbelbc4ydr8" path="res://assets/models/reed/reed.tscn" id="20_jx3m7"]
[ext_resource type="PackedScene" uid="uid://dcv2ihujew0fi" path="res://assets/models/flowers/dandelion/dandelion.blend" id="21_dygop"]
[ext_resource type="PackedScene" uid="uid://dx5mwfywvv131" path="res://assets/models/flowers/lavender/lavender.blend" id="22_7pus1"]
[ext_resource type="PackedScene" uid="uid://darka37qrcnj8" path="res://assets/models/watch_tower/watch_tower.blend" id="22_b460r"]
[ext_resource type="PackedScene" uid="uid://d28toy8ya2u5s" path="res://assets/models/fireflies/fireflies.tscn" id="23_63yjo"]
[ext_resource type="LightmapGIData" uid="uid://b7ljky58a306m" path="res://lightmapGI/Prologue.lmbake" id="24_ke06p"]

[sub_resource type="ShaderMaterial" id="ShaderMaterial_lm1we"]
shader = ExtResource("4_1aphw")
shader_parameter/screen_size = Vector2(448, 336)
shader_parameter/color_steps = 256
shader_parameter/noise_strength = 0.08
shader_parameter/enable_dither = true
shader_parameter/dither_strength = 0.15
shader_parameter/enable_glow = true
shader_parameter/glow_strength = 0.0
shader_parameter/glow_spread = 0.005
shader_parameter/enable_vintage = true
shader_parameter/vintage_strength = 0.3
shader_parameter/vignette_strength = 0.0
shader_parameter/vignette_radius = 1.0
shader_parameter/blur_strength = 0.0

[sub_resource type="PanoramaSkyMaterial" id="PanoramaSkyMaterial_d0u6y"]
panorama = ExtResource("2_ke06p")

[sub_resource type="Sky" id="Sky_8kgk7"]
sky_material = SubResource("PanoramaSkyMaterial_d0u6y")

[sub_resource type="Environment" id="Environment_jygv4"]
background_mode = 2
sky = SubResource("Sky_8kgk7")
tonemap_mode = 2
glow_enabled = true
glow_normalized = true
fog_enabled = true
fog_light_color = Color(0.102692865, 0.12295938, 0.13164315, 1)
fog_light_energy = 2.0
fog_sun_scatter = 0.2
fog_density = 0.02
fog_sky_affect = 0.742
fog_depth_curve = 0.8122524
volumetric_fog_enabled = true
volumetric_fog_density = 0.03
volumetric_fog_albedo = Color(0.28897998, 0.28897995, 0.28897995, 1)
volumetric_fog_emission = Color(0.101960786, 0.12156863, 0.13333334, 1)
volumetric_fog_length = 300.0
adjustment_enabled = true
adjustment_contrast = 1.1
adjustment_saturation = 1.1

[sub_resource type="CapsuleMesh" id="CapsuleMesh_cmkqj"]
lightmap_size_hint = Vector2i(17, 14)
add_uv2 = true

[sub_resource type="ConvexPolygonShape3D" id="ConvexPolygonShape3D_o2mjm"]
points = PackedVector3Array(-0.12520654, -0.532801, -0.4805069, 0.022783129, 0.4760704, 0.49888408, 0.16971254, 0.5591441, 0.46417162, 0.23105091, -0.8035912, 0.32045516, 0.40741014, 0.651043, -0.24352328, -0.4827893, 0.59484255, 0.082213186, -0.3628679, -0.68231165, 0.2896967, 0.46904355, -0.65452886, -0.06627126, -0.12744367, 0.8427015, -0.33810276, -0.39343542, -0.6839421, -0.24471663, 0.43825462, 0.62330925, 0.20084947, 0.0841477, 0.977454, 0.11479468, -0.06820232, -0.9764576, -0.12927033, 0.20054972, -0.56312895, -0.4514544, -0.18552664, 0.59545326, -0.4534751, -0.27336287, 0.59226835, 0.40775412, -0.0069364863, -0.47682306, 0.49966025, 0.37582088, -0.5886136, 0.31695515, 0.111579016, 0.5630594, -0.48117727, -0.41725034, 0.5278656, -0.27049688, -0.48454633, -0.59697217, -0.06650971, -0.27974695, 0.90856135, 0.05333608, -0.25019687, -0.8807117, 0.20531891, 0.263647, -0.90277094, -0.1273943, 0.29336792, 0.8715263, -0.15719566, 0.3734115, -0.5263189, -0.32824618, 0.4996626, 0.47664148, -0.0068885577, 0.053105574, 0.8750009, 0.32470253, -0.15454252, -0.5908538, 0.4658794, -0.09727988, -0.7823577, -0.39818847, -0.3876489, -0.49817133, 0.31564978, -0.30067965, -0.58799505, -0.38890144)

[sub_resource type="ParticleProcessMaterial" id="ParticleProcessMaterial_57qmd"]
emission_shape_offset = Vector3(0, -17, 0)
emission_shape = 3
emission_box_extents = Vector3(50, 20, 50)
initial_velocity_min = 0.099999994
initial_velocity_max = 1.0
gravity = Vector3(0, -2, 0)
turbulence_enabled = true
turbulence_noise_scale = 1.0

[sub_resource type="StandardMaterial3D" id="StandardMaterial3D_7numd"]
shading_mode = 0
albedo_color = Color(0.402329, 0.40232897, 0.40232894, 1)
billboard_mode = 3
particles_anim_h_frames = 1
particles_anim_v_frames = 1
particles_anim_loop = false

[sub_resource type="QuadMesh" id="QuadMesh_fcnqv"]
material = SubResource("StandardMaterial3D_7numd")
size = Vector2(0.2, 0.2)

[sub_resource type="ViewportTexture" id="ViewportTexture_ke06p"]
viewport_path = NodePath("SubViewport")

[sub_resource type="Animation" id="Animation_b460r"]
length = 0.001
tracks/0/type = "bezier"
tracks/0/imported = false
tracks/0/enabled = true
tracks/0/path = NodePath("SubViewport/World/silhouette:position:x")
tracks/0/interp = 1
tracks/0/loop_wrap = true
tracks/0/keys = {
"handle_modes": PackedInt32Array(2),
"points": PackedFloat32Array(-5.281, -0.25, 0, 0.25, 0),
"times": PackedFloat32Array(0)
}
tracks/1/type = "bezier"
tracks/1/imported = false
tracks/1/enabled = true
tracks/1/path = NodePath("SubViewport/World/silhouette:position:y")
tracks/1/interp = 1
tracks/1/loop_wrap = true
tracks/1/keys = {
"handle_modes": PackedInt32Array(2),
"points": PackedFloat32Array(2.005, -0.25, 0, 0.25, 0),
"times": PackedFloat32Array(0)
}
tracks/2/type = "bezier"
tracks/2/imported = false
tracks/2/enabled = true
tracks/2/path = NodePath("SubViewport/World/silhouette:position:z")
tracks/2/interp = 1
tracks/2/loop_wrap = true
tracks/2/keys = {
"handle_modes": PackedInt32Array(2),
"points": PackedFloat32Array(-63.886, -0.25, 0, 0.25, 0),
"times": PackedFloat32Array(0)
}
tracks/3/type = "bezier"
tracks/3/imported = false
tracks/3/enabled = true
tracks/3/path = NodePath("SubViewport/World/silhouette:rotation:x")
tracks/3/interp = 1
tracks/3/loop_wrap = true
tracks/3/keys = {
"handle_modes": PackedInt32Array(2),
"points": PackedFloat32Array(0, -0.25, 0, 0.25, 0),
"times": PackedFloat32Array(0)
}
tracks/4/type = "bezier"
tracks/4/imported = false
tracks/4/enabled = true
tracks/4/path = NodePath("SubViewport/World/silhouette:rotation:y")
tracks/4/interp = 1
tracks/4/loop_wrap = true
tracks/4/keys = {
"handle_modes": PackedInt32Array(2),
"points": PackedFloat32Array(3.0543263, -0.25, 0, 0.25, 0),
"times": PackedFloat32Array(0)
}
tracks/5/type = "bezier"
tracks/5/imported = false
tracks/5/enabled = true
tracks/5/path = NodePath("SubViewport/World/silhouette:rotation:z")
tracks/5/interp = 1
tracks/5/loop_wrap = true
tracks/5/keys = {
"handle_modes": PackedInt32Array(2),
"points": PackedFloat32Array(0, -0.25, 0, 0.25, 0),
"times": PackedFloat32Array(0)
}

[sub_resource type="Animation" id="Animation_y13jl"]
resource_name = "location_1"
length = 11.0
tracks/0/type = "bezier"
tracks/0/imported = false
tracks/0/enabled = true
tracks/0/path = NodePath("SubViewport/World/silhouette:position:x")
tracks/0/interp = 1
tracks/0/loop_wrap = true
tracks/0/keys = {
"handle_modes": PackedInt32Array(2, 0, 0, 0),
"points": PackedFloat32Array(-5.280604, 0, 0, 0.75, 0.65550065, -1.3476, -0.8333334, -2.2615013, 0, 0, 15.888118, -0.35697174, -3.5623243, 0.4763616, 4.7537503, 48.548847, -0.8333334, -8.316074, 0, 0),
"times": PackedFloat32Array(0, 4.5, 7.4333334, 11)
}
tracks/1/type = "bezier"
tracks/1/imported = false
tracks/1/enabled = true
tracks/1/path = NodePath("SubViewport/World/silhouette:position:y")
tracks/1/interp = 1
tracks/1/loop_wrap = true
tracks/1/keys = {
"handle_modes": PackedInt32Array(2, 0, 0, 0),
"points": PackedFloat32Array(2.005247, 0, 0, 0.75, 0, 2.005247, -0.8333334, 0, 0, 0, 2.005247, -0.35697174, 0, 0.4763616, 0, 2.005247, -0.8333334, 0, 0, 0),
"times": PackedFloat32Array(0, 4.5, 7.4333334, 11)
}
tracks/2/type = "bezier"
tracks/2/imported = false
tracks/2/enabled = true
tracks/2/path = NodePath("SubViewport/World/silhouette:position:z")
tracks/2/interp = 1
tracks/2/loop_wrap = true
tracks/2/keys = {
"handle_modes": PackedInt32Array(2, 0, 0, 0),
"points": PackedFloat32Array(-63.8855, 0, 0, 0.75, -2.6573594, -79.82966, -0.8333334, 3.1016955, 0, 0, -91.544586, -0.35697174, 0.08195055, 0.4763616, -0.10935906, -80.977516, -0.8333334, 0.19130962, 0, 0),
"times": PackedFloat32Array(0, 4.5, 7.4333334, 11)
}
tracks/3/type = "bezier"
tracks/3/imported = false
tracks/3/enabled = true
tracks/3/path = NodePath("SubViewport/World/silhouette:rotation:x")
tracks/3/interp = 1
tracks/3/loop_wrap = true
tracks/3/keys = {
"handle_modes": PackedInt32Array(2, 0, 0, 0),
"points": PackedFloat32Array(0, 0, 0, 0.75, 0, 0, -0.8333334, 0, 0, 0, 0, -0.35697174, 0, 0.4763616, 0, 0, -0.8333334, 0, 0, 0),
"times": PackedFloat32Array(0, 4.5, 7.4333334, 11)
}
tracks/4/type = "bezier"
tracks/4/imported = false
tracks/4/enabled = true
tracks/4/path = NodePath("SubViewport/World/silhouette:rotation:y")
tracks/4/interp = 1
tracks/4/loop_wrap = true
tracks/4/keys = {
"handle_modes": PackedInt32Array(2, 0, 0, 0),
"points": PackedFloat32Array(3.0543263, 0, 0, 0.75, -0.08897734, 2.5204623, -0.8333334, 0, 0, 0, 2.4141524, -0.35697174, 0.034786407, 0.4763616, -0.046420787, 2.033219, -0.8333334, 0.0812072, 0, 0),
"times": PackedFloat32Array(0, 4.5, 7.4333334, 11)
}
tracks/5/type = "bezier"
tracks/5/imported = false
tracks/5/enabled = true
tracks/5/path = NodePath("SubViewport/World/silhouette:rotation:z")
tracks/5/interp = 1
tracks/5/loop_wrap = true
tracks/5/keys = {
"handle_modes": PackedInt32Array(2, 0, 0, 0),
"points": PackedFloat32Array(0, 0, 0, 0.75, 0, 0, -0.8333334, 0, 0, 0, 0, -0.35697174, 0, 0.4763616, 0, 0, -0.8333334, 0, 0, 0),
"times": PackedFloat32Array(0, 4.5, 7.4333334, 11)
}

[sub_resource type="Animation" id="Animation_ke06p"]
resource_name = "location_2"
length = 9.3
tracks/0/type = "bezier"
tracks/0/imported = false
tracks/0/enabled = true
tracks/0/path = NodePath("SubViewport/World/silhouette:rotation:x")
tracks/0/interp = 1
tracks/0/loop_wrap = true
tracks/0/keys = {
"handle_modes": PackedInt32Array(0, 0, 0, 0, 0),
"points": PackedFloat32Array(0, -0.25, 0, 0.25, 0, 0, -0.21926671, 0, 0, 0, 0, -0.6264763, 0, 0, 0, 0, -0.5638288, 0, 0, 0, 0, -0.25709486, 0, 0, 0),
"times": PackedFloat32Array(0, 1.2, 4.6666665, 7.8333335, 9.266666)
}
tracks/1/type = "bezier"
tracks/1/imported = false
tracks/1/enabled = true
tracks/1/path = NodePath("SubViewport/World/silhouette:rotation:y")
tracks/1/interp = 1
tracks/1/loop_wrap = true
tracks/1/keys = {
"handle_modes": PackedInt32Array(0, 0, 0, 0, 0),
"points": PackedFloat32Array(2.033219, -0.25, 0, 0.25, 0, 2.033219, -0.21926671, 0, 0, 0, 2.033219, -0.6264763, 0, 0, 0, 2.033219, -0.5638288, 0, 0, 0, 2.033219, -0.25709486, 0, 0, 0),
"times": PackedFloat32Array(0, 1.2, 4.6666665, 7.8333335, 9.266666)
}
tracks/2/type = "bezier"
tracks/2/imported = false
tracks/2/enabled = true
tracks/2/path = NodePath("SubViewport/World/silhouette:rotation:z")
tracks/2/interp = 1
tracks/2/loop_wrap = true
tracks/2/keys = {
"handle_modes": PackedInt32Array(0, 0, 0, 0, 0),
"points": PackedFloat32Array(0, -0.25, 0, 0.25, 0, 0, -0.21926671, 0, 0, 0, 0, -0.6264763, 0, 0, 0, 0, -0.5638288, 0, 0, 0, 0, -0.25709486, 0, 0, 0),
"times": PackedFloat32Array(0, 1.2, 4.6666665, 7.8333335, 9.3)
}
tracks/3/type = "bezier"
tracks/3/imported = false
tracks/3/enabled = true
tracks/3/path = NodePath("SubViewport/World/silhouette:position:x")
tracks/3/interp = 1
tracks/3/loop_wrap = true
tracks/3/keys = {
"handle_modes": PackedInt32Array(0, 0, 0, 0, 0),
"points": PackedFloat32Array(48.548847, -0.25, 0, 0.25, 0, 58.594887, -0.21926671, -1.6743399, 0, 0, 63.385056, -0.6264763, -0.7983614, 0, 0, 48.293663, -0.5638288, 2.5152323, 0, 0, 46.991146, -0.25709486, 0.21708617, 0, 0),
"times": PackedFloat32Array(0, 1.2, 4.6666665, 7.8333335, 9.266666)
}
tracks/4/type = "bezier"
tracks/4/imported = false
tracks/4/enabled = true
tracks/4/path = NodePath("SubViewport/World/silhouette:position:y")
tracks/4/interp = 1
tracks/4/loop_wrap = true
tracks/4/keys = {
"handle_modes": PackedInt32Array(0, 0, 0, 0, 0),
"points": PackedFloat32Array(2.005247, -0.25, 0, 0.25, 0, 2.005247, -0.21926671, 0, 0, 0, 2.005247, -0.6264763, 0, 0, 0, 2.005247, -0.5638288, 0, 0, 0, 2.005247, -0.25709486, 0, 0, 0),
"times": PackedFloat32Array(0, 1.2, 4.6666665, 7.8333335, 9.266666)
}
tracks/5/type = "bezier"
tracks/5/imported = false
tracks/5/enabled = true
tracks/5/path = NodePath("SubViewport/World/silhouette:position:z")
tracks/5/interp = 1
tracks/5/loop_wrap = true
tracks/5/keys = {
"handle_modes": PackedInt32Array(0, 0, 0, 0, 0),
"points": PackedFloat32Array(-80.977516, -0.25, 0, 0.25, 0, -80.977516, -0.21926671, 0, 0, 0, -51.26876, -0.6264763, -4.9514594, 0, 0, -26.125679, -0.5638288, -4.1905136, 0, 0, -13.585856, -0.25709486, -2.0899704, 0, 0),
"times": PackedFloat32Array(0, 1.2, 4.6666665, 7.8333335, 9.266666)
}

[sub_resource type="Animation" id="Animation_y3k86"]
resource_name = "location_3"
length = 13.933333
tracks/0/type = "bezier"
tracks/0/imported = false
tracks/0/enabled = true
tracks/0/path = NodePath("SubViewport/World/silhouette:rotation:x")
tracks/0/interp = 1
tracks/0/loop_wrap = true
tracks/0/keys = {
"handle_modes": PackedInt32Array(0, 0, 2, 2, 2),
"points": PackedFloat32Array(0, -0.25, 0, 0.25, 0, 0, -0.2916667, 0, 0, 0, 0, -0.47931263, 0, 0, 0, 0, -0.7206874, 0, 0, 0, 0, -0.044444405, 0, 0, 0),
"times": PackedFloat32Array(0, 2.8, 5.6758757, 10, 13.933333)
}
tracks/1/type = "bezier"
tracks/1/imported = false
tracks/1/enabled = true
tracks/1/path = NodePath("SubViewport/World/silhouette:rotation:y")
tracks/1/interp = 1
tracks/1/loop_wrap = true
tracks/1/keys = {
"handle_modes": PackedInt32Array(0, 0, 2, 2, 2),
"points": PackedFloat32Array(2.033219, -0.25, 0, 0.25, 0, 1.1642873, -0.2916667, 0.14482197, 0, 0, 1.1642873, -0.47931263, 0, 0, 0, 1.1642873, -0.7206874, 0, 0, 0, 1.1642873, -0.044444405, 0, 0, 0),
"times": PackedFloat32Array(0, 2.8, 5.6758757, 10, 13.933333)
}
tracks/2/type = "bezier"
tracks/2/imported = false
tracks/2/enabled = true
tracks/2/path = NodePath("SubViewport/World/silhouette:rotation:z")
tracks/2/interp = 1
tracks/2/loop_wrap = true
tracks/2/keys = {
"handle_modes": PackedInt32Array(0, 0, 2, 2, 2),
"points": PackedFloat32Array(0, -0.25, 0, 0.25, 0, 0, -0.2916667, 0, 0, 0, 0, -0.47931263, 0, 0, 0, 0, -0.7206874, 0, 0, 0, 0, -0.044444405, 0, 0, 0),
"times": PackedFloat32Array(0, 2.8, 5.6758757, 10, 13.933333)
}
tracks/3/type = "bezier"
tracks/3/imported = false
tracks/3/enabled = true
tracks/3/path = NodePath("SubViewport/World/silhouette:position:x")
tracks/3/interp = 1
tracks/3/loop_wrap = true
tracks/3/keys = {
"handle_modes": PackedInt32Array(0, 0, 2, 2, 2),
"points": PackedFloat32Array(46.991146, -0.25, 0, 0.25, 0, 31.067368, -0.2916667, 2.6539633, 0, 0, 17.24073, -0.47931263, 2.3044395, 0, 0, 7.837488, -0.7206874, 1.5672071, 0, 0, 24.262177, -0.044444405, 0.7493878, 0, 0),
"times": PackedFloat32Array(0, 2.8, 5.6758757, 10, 13.933333)
}
tracks/4/type = "bezier"
tracks/4/imported = false
tracks/4/enabled = true
tracks/4/path = NodePath("SubViewport/World/silhouette:position:y")
tracks/4/interp = 1
tracks/4/loop_wrap = true
tracks/4/keys = {
"handle_modes": PackedInt32Array(0, 0, 2, 2, 2),
"points": PackedFloat32Array(2.005247, -0.25, 0, 0.25, 0, 2.005247, -0.2916667, 0, 0, 0, 2.005247, -0.47931263, 0, 0, 0, 2.005247, -0.7206874, 0, 0, 0, 2.3693984, -0.044444405, 0, 0, 0),
"times": PackedFloat32Array(0, 2.8, 5.6758757, 10, 13.933333)
}
tracks/5/type = "bezier"
tracks/5/imported = false
tracks/5/enabled = true
tracks/5/path = NodePath("SubViewport/World/silhouette:position:z")
tracks/5/interp = 1
tracks/5/loop_wrap = true
tracks/5/keys = {
"handle_modes": PackedInt32Array(0, 0, 2, 2, 2),
"points": PackedFloat32Array(-13.585856, -0.25, 0, 0.25, 0, -4.6751585, -0.2916667, -1.4851165, 0, 0, 2.8687983, -0.47931263, -1.2573261, 0, 0, 28.577442, -0.7206874, -4.2847743, 0, 0, 44.316547, -0.044444405, 0.5320702, 0, 0),
"times": PackedFloat32Array(0, 2.8, 5.6758757, 10, 13.933333)
}

[sub_resource type="AnimationLibrary" id="AnimationLibrary_ke06p"]
_data = {
&"RESET": SubResource("Animation_b460r"),
&"location_1": SubResource("Animation_y13jl"),
&"location_2": SubResource("Animation_ke06p"),
&"location_3": SubResource("Animation_y3k86")
}

[node name="PrologueScene" type="Node3D" unique_id=1247047748]
script = ExtResource("1_ke06p")

[node name="CanvasLayer" type="CanvasLayer" parent="." unique_id=1222793603]

[node name="ColorRect" type="ColorRect" parent="CanvasLayer" unique_id=1871502195]
material = SubResource("ShaderMaterial_lm1we")
anchors_preset = 15
anchor_right = 1.0
anchor_bottom = 1.0
grow_horizontal = 2
grow_vertical = 2
mouse_filter = 1
metadata/_edit_use_anchors_ = true

[node name="UserInterface" type="Control" parent="CanvasLayer" unique_id=963711010]
layout_mode = 3
anchors_preset = 15
anchor_right = 1.0
anchor_bottom = 1.0
grow_horizontal = 2
grow_vertical = 2
mouse_filter = 1
metadata/_edit_use_anchors_ = true

[node name="FPSCounter" type="Label" parent="CanvasLayer/UserInterface" unique_id=680248611]
layout_mode = 1
anchors_preset = -1
anchor_left = -0.011284722
anchor_top = 0.030864198
anchor_right = -0.011284722
anchor_bottom = 0.030864198
offset_left = 26.0
offset_top = -7.0
offset_right = 129.00003
offset_bottom = 18.999939
theme_override_fonts/font = ExtResource("5_6uvvw")
theme_override_font_sizes/font_size = 20
text = "30 fps"
metadata/_edit_use_anchors_ = true

[node name="cedar_tree" parent="CanvasLayer/UserInterface" unique_id=1753933853 instance=ExtResource("11_055tb")]
transform = Transform3D(1, 0, 0, 0, 1, 0, 0, 0, 1, 55.887253, 0.0727222, -76.50859)

[node name="pine_tree" parent="CanvasLayer/UserInterface" unique_id=378494581 instance=ExtResource("10_giphs")]
transform = Transform3D(1, 0, 0, 0, 1, 0, 0, 0, 1, 58.876144, 0.08213425, -87.1991)

[node name="SubViewport" type="SubViewport" parent="." unique_id=1180690384]
scaling_3d_scale = 0.6
anisotropic_filtering_level = 0
size = Vector2i(544, 306)
render_target_update_mode = 4

[node name="World" type="Node3D" parent="SubViewport" unique_id=352032519]

[node name="DirectionalLight3D" type="DirectionalLight3D" parent="SubViewport/World" unique_id=2014315246]
transform = Transform3D(-0.8660254, -0.43301278, 0.25, 0, 0.49999997, 0.86602545, -0.50000006, 0.75, -0.43301266, 0, 0, 0)
light_color = Color(0.021713268, 0.021713259, 0.021713257, 1)
light_energy = 1.207
light_volumetric_fog_energy = 3.873
light_bake_mode = 1
shadow_opacity = 0.51
shadow_blur = 1.32

[node name="WorldEnvironment" type="WorldEnvironment" parent="SubViewport/World" unique_id=1269618478]
environment = SubResource("Environment_jygv4")

[node name="Player3D" type="CharacterBody3D" parent="SubViewport/World" unique_id=1801726057 groups=["player"]]
transform = Transform3D(0.8571673, 0, 0.51503783, 0, 0.9999996, 0, -0.5150381, 0, 0.85716695, -27.055, 0, -52.831)
collision_layer = 3
collision_mask = 3
script = ExtResource("3_y3k86")

[node name="MeshInstance3D" type="MeshInstance3D" parent="SubViewport/World/Player3D" unique_id=1102337274]
transform = Transform3D(1, 0, 0, 0, 1, 0, 0, 0, 1, -0.026943207, 1.2039347, 0.027374268)
layers = 3
mesh = SubResource("CapsuleMesh_cmkqj")

[node name="CollisionShape3D" type="CollisionShape3D" parent="SubViewport/World/Player3D" unique_id=770720229]
transform = Transform3D(1, 0, 0, 0, 1, 0, 0, 0, 1, 0, 1.2597647, 0)
shape = SubResource("ConvexPolygonShape3D_o2mjm")

[node name="Neck" type="Node3D" parent="SubViewport/World/Player3D" unique_id=475412640]
transform = Transform3D(-0.17364812, 0, -0.9848074, 0, 0.99999964, 0, 0.9848073, 0, -0.17364813, 0, 1.8285122, 0)

[node name="HeadBob" type="Node3D" parent="SubViewport/World/Player3D/Neck" unique_id=924497650]

[node name="Camera3D" type="Camera3D" parent="SubViewport/World/Player3D/Neck/HeadBob" unique_id=1732156934]
transform = Transform3D(1.0000007, 0, 0, 0, 1.0000008, 0, 0, 0, 1.0000002, 0, 0, 0)
current = true

[node name="CanvasLayer" type="CanvasLayer" parent="SubViewport/World/Player3D/Neck/HeadBob/Camera3D" unique_id=597732008]

[node name="ColorRect" type="ColorRect" parent="SubViewport/World/Player3D/Neck/HeadBob/Camera3D/CanvasLayer" unique_id=1477058965]
modulate = Color(0, 0, 0, 0)
anchors_preset = 15
anchor_right = 1.0
anchor_bottom = 1.0
grow_horizontal = 2
grow_vertical = 2
color = Color(0, 0, 0, 1)

[node name="GPUSnow3D" type="GPUParticles3D" parent="SubViewport/World/Player3D" unique_id=2061810710]
transform = Transform3D(1, 0, 0, 0, 1, 0, 0, 0, 1, 0.018831253, 32.93535, 0.06018448)
amount = 4000
lifetime = 2.0
preprocess = 2.0
speed_scale = 0.7
visibility_aabb = AABB(-15, -34, -15, 30, 34, 30)
process_material = SubResource("ParticleProcessMaterial_57qmd")
draw_pass_1 = SubResource("QuadMesh_fcnqv")

[node name="Bench3D" parent="SubViewport/World" unique_id=2085675750 instance=ExtResource("9_b460r")]
transform = Transform3D(1, 0, 0, 0, 1, 0, 0, 0, 1, -28.27, 0.274, -52.786)

[node name="Map3D" parent="SubViewport/World" unique_id=742473182 instance=ExtResource("8_y5b7v")]
transform = Transform3D(1, 0, 0, 0, 1, 0, 0, 0, 1, 0.06663036, 0.094632864, -0.04007864)

[node name="Forest3D" type="Node3D" parent="SubViewport/World" unique_id=1512849187]

[node name="pine_tree96" parent="SubViewport/World/Forest3D" unique_id=116300073 instance=ExtResource("10_giphs")]
transform = Transform3D(0.30552906, 0, 0.95218277, 0, 1, 0, -0.95218277, 0, 0.30552906, 92.17127, -0.3567369, -16.444262)

[node name="cedar_tree261" parent="SubViewport/World/Forest3D" unique_id=405881607 instance=ExtResource("11_055tb")]
transform = Transform3D(1, 0, 0, 0, 1, 0, 0, 0, 1, 84.39545, 1.6033044, -36.217857)

[node name="cedar_tree263" parent="SubViewport/World/Forest3D" unique_id=1458058499 instance=ExtResource("11_055tb")]
transform = Transform3D(1, 0, 0, 0, 1, 0, 0, 0, 1, 81.073555, 0.24153614, -38.50769)

[node name="pine_tree140" parent="SubViewport/World/Forest3D" unique_id=1032069830 instance=ExtResource("10_giphs")]
transform = Transform3D(0.4233299, 0, -0.9059756, 0, 1, 0, 0.9059756, 0, 0.4233299, 89.72104, 4.403014, -30.14953)

[node name="pine_tree184" parent="SubViewport/World/Forest3D" unique_id=2127695875 instance=ExtResource("10_giphs")]
transform = Transform3D(0.30552906, 0, 0.95218277, 0, 1, 0, -0.95218277, 0, 0.30552906, 65.43208, -0.35673785, -11.040117)

[node name="tall_fir_tree212" parent="SubViewport/World/Forest3D" unique_id=590689444 instance=ExtResource("12_khirb")]
transform = Transform3D(0.8762393, 0, 0.4818761, 0, 1, 0, -0.4818761, 0, 0.8762393, 54.532185, -0.2715795, -20.787613)

[node name="tall_fir_tree213" parent="SubViewport/World/Forest3D" unique_id=1694837487 instance=ExtResource("12_khirb")]
transform = Transform3D(0.68987226, 0, -0.7239311, 0, 1, 0, 0.7239311, 0, 0.68987226, 59.237396, -0.2715795, -18.130684)

[node name="pine_tree186" parent="SubViewport/World/Forest3D" unique_id=1895716399 instance=ExtResource("10_giphs")]
transform = Transform3D(-0.34300405, 0, 0.9393339, 0, 1, 0, -0.9393339, 0, -0.34300405, 71.562256, -0.35673785, -21.766792)

[node name="cedar_tree327" parent="SubViewport/World/Forest3D" unique_id=1012171995 instance=ExtResource("11_055tb")]
transform = Transform3D(0.11230135, 0, 0.99367416, 0, 1, 0, -0.99367416, 0, 0.11230135, 64.01317, -0.2715814, -18.298012)

[node name="pine_tree189" parent="SubViewport/World/Forest3D" unique_id=1080094015 instance=ExtResource("10_giphs")]
transform = Transform3D(0.74692553, -0.025593355, 0.6644151, -0.020138748, 0.99792975, 0.06108004, -0.6646027, -0.05900274, 0.74486387, 80.04637, 2.5292795, -10.950218)

[node name="cedar_tree329" parent="SubViewport/World/Forest3D" unique_id=852253394 instance=ExtResource("11_055tb")]
transform = Transform3D(0.333774, 0, -0.9426531, 0, 1, 0, 0.9426531, 0, 0.333774, 62.320137, 0.9011636, -24.754116)

[node name="cedar_tree330" parent="SubViewport/World/Forest3D" unique_id=1791030567 instance=ExtResource("11_055tb")]
transform = Transform3D(0.30552906, 0, 0.95218277, 0, 1, 0, -0.95218277, 0, 0.30552906, 63.642097, -0.27158046, -32.755074)

[node name="cedar_tree354" parent="SubViewport/World/Forest3D" unique_id=1948617782 instance=ExtResource("11_055tb")]
transform = Transform3D(1, 0, 0, 0, 1, 0, 0, 0, 1, 79.41996, 2.1312766, -28.67091)

[node name="tall_fir_tree229" parent="SubViewport/World/Forest3D" unique_id=2065586384 instance=ExtResource("12_khirb")]
transform = Transform3D(1, 0, 0, 0, 1, 0, 0, 0, 1, 75.8445, 0.8773794, -32.99096)

[node name="tall_fir_tree230" parent="SubViewport/World/Forest3D" unique_id=1320327770 instance=ExtResource("12_khirb")]
transform = Transform3D(1, 0, 0, 0, 1, 0, 0, 0, 1, 81.98524, 1.3327124, -19.648045)

[node name="cedar_tree356" parent="SubViewport/World/Forest3D" unique_id=1740351638 instance=ExtResource("11_055tb")]
transform = Transform3D(1, 0, 0, 0, 1, 0, 0, 0, 1, 69.34898, 1.6598909, -29.767414)

[node name="cedar_tree30" parent="SubViewport/World/Forest3D" unique_id=1508147748 instance=ExtResource("11_055tb")]
transform = Transform3D(0.80148506, -0.07632722, 0.59312385, 0.09480332, 0.99549603, 0, -0.59045243, 0.05623011, 0.8051112, 7.912611, 0.03575933, -19.067133)

[node name="cedar_tree31" parent="SubViewport/World/Forest3D" unique_id=1106932676 instance=ExtResource("11_055tb")]
transform = Transform3D(0.9871558, 0.1597606, 0, -0.1597606, 0.9871558, 0, 0, 0, 1, 6.493413, -0.76739216, -24.80118)

[node name="pine_tree15" parent="SubViewport/World/Forest3D" unique_id=956404591 instance=ExtResource("10_giphs")]
transform = Transform3D(0.96837884, -0.24948433, 0, 0.24948433, 0.96837884, 0, 0, 0, 1, 1.8893852, -0.6789299, -24.70902)

[node name="tall_fir_tree25" parent="SubViewport/World/Forest3D" unique_id=1876268255 instance=ExtResource("12_khirb")]
transform = Transform3D(0.84186894, -0.06431201, -0.53583646, 0, 0.9928744, -0.119166486, 0.53968215, 0.10032257, 0.83587015, 14.68907, 0.6639211, -30.515924)

[node name="pine_tree18" parent="SubViewport/World/Forest3D" unique_id=1240609945 instance=ExtResource("10_giphs")]
transform = Transform3D(0.45481446, 0.03412552, 0.88993216, 0, 0.9992656, -0.038318045, -0.8905862, 0.0174276, 0.45448044, 10.504716, -0.6154058, -27.857988)

[node name="pine_tree236" parent="SubViewport/World/Forest3D" unique_id=1565044125 instance=ExtResource("10_giphs")]
transform = Transform3D(0.408665, 1.8626451e-09, 0.91268474, 0, 1, -7.450581e-09, -0.9126845, -3.7252903e-09, 0.40866506, 2.141984, -2.23094, -19.992682)

[node name="pine_tree237" parent="SubViewport/World/Forest3D" unique_id=1323030704 instance=ExtResource("10_giphs")]
transform = Transform3D(0.99805856, 0.009947666, 0.061488062, -0.010197736, 0.99994147, 0.0037543895, -0.061447293, -0.0043741595, 0.998101, -12.277836, -2.218954, -18.231333)

[node name="tall_fir_tree294" parent="SubViewport/World/Forest3D" unique_id=487632855 instance=ExtResource("12_khirb")]
transform = Transform3D(1, 1.8626451e-09, 0, -7.450581e-09, 1, -2.9336661e-08, 0, -3.7252903e-09, 1, -10.760296, -0.7314434, -13.178326)

[node name="cedar_tree441" parent="SubViewport/World/Forest3D" unique_id=4724216 instance=ExtResource("11_055tb")]
transform = Transform3D(0.43150336, 1.8626451e-09, -0.90211135, -8.381903e-09, 1, -8.381903e-09, 0.9021114, -3.7252903e-09, 0.43150327, -2.940012, -1.6858006, -10.525398)

[node name="cedar_tree443" parent="SubViewport/World/Forest3D" unique_id=986929287 instance=ExtResource("11_055tb")]
transform = Transform3D(0.5022656, 1.8626451e-09, -0.86471367, -1.8626451e-08, 1, -5.5879354e-09, 0.86471367, -3.7252903e-09, 0.5022659, -8.956562, -1.58155, -7.9767094)

[node name="pine_tree234" parent="SubViewport/World/Forest3D" unique_id=1080530072 instance=ExtResource("10_giphs")]
transform = Transform3D(0.8827098, 0, 0.46991846, 0, 1, 0, -0.46991846, 0, 0.8827098, 25.468964, -1.0124986, -44.83345)

[node name="pine_tree238" parent="SubViewport/World/Forest3D" unique_id=377512381 instance=ExtResource("10_giphs")]
transform = Transform3D(0.9980583, 0.009947654, 0.061488092, -0.010197727, 0.99994105, 0.0037543941, -0.061447263, -0.004374164, 0.9981009, 29.34394, -1.0124986, -39.74547)

[node name="cedar_tree444" parent="SubViewport/World/Forest3D" unique_id=55802113 instance=ExtResource("11_055tb")]
transform = Transform3D(0.5022656, 0, -0.86471343, 0, 1, 0, 0.86471343, 0, 0.5022656, 30.563469, -0.36310935, -23.733418)

[node name="pine_tree241" parent="SubViewport/World/Forest3D" unique_id=557397772 instance=ExtResource("10_giphs")]
transform = Transform3D(0.9980583, 0.009947654, 0.061488092, -0.010197727, 0.99994105, 0.0037543941, -0.061447263, -0.004374164, 0.9981009, 29.34394, -1.0124986, -28.454317)

[node name="tall_fir_tree300" parent="SubViewport/World/Forest3D" unique_id=199537682 instance=ExtResource("12_khirb")]
transform = Transform3D(1, 0, 0, 0, 1, 0, 0, 0, 1, 25.288158, 0.48699737, -18.952114)

[node name="tall_fir_tree301" parent="SubViewport/World/Forest3D" unique_id=220385182 instance=ExtResource("12_khirb")]
transform = Transform3D(1, 0, 0, 0, 1, 0, 0, 0, 1, 16.558685, 0.74033666, -15.922785)

[node name="pine_tree" parent="SubViewport/World/Forest3D" unique_id=975868863 instance=ExtResource("10_giphs")]
transform = Transform3D(0.60306877, 0, -0.7976892, 0, 1, 0, 0.7976892, 0, 0.60306877, -27.22808, 0.19487283, -55.312565)

[node name="cedar_tree" parent="SubViewport/World/Forest3D" unique_id=1806889768 instance=ExtResource("11_055tb")]
transform = Transform3D(0.8161779, 0, -0.57780063, 0, 1, 0, 0.57780063, 0, 0.8161779, -25.339075, 0.22089854, -47.528046)

[node name="tall_fir_tree" parent="SubViewport/World/Forest3D" unique_id=926174264 instance=ExtResource("12_khirb")]
transform = Transform3D(0.905, 0, 0, 0, 0.905, 0, 0, 0, 0.905, -30.955858, -0.9894736, -49.142166)

[node name="cedar_tree2" parent="SubViewport/World/Forest3D" unique_id=1769771558 instance=ExtResource("11_055tb")]
transform = Transform3D(0.99509823, 0.04202015, 0.089520104, -0.044996556, 0.9984906, 0.031493142, -0.088061646, -0.035366867, 0.99548703, -28.579384, -1.5768368, -44.4403)

[node name="tall_fir_tree2" parent="SubViewport/World/Forest3D" unique_id=1513738104 instance=ExtResource("12_khirb")]
transform = Transform3D(1, 0, 0, 0, 0.9909012, -0.1345915, 0, 0.1345915, 0.9909012, -20.819998, -1.3538839, -60.683464)

[node name="tall_fir_tree3" parent="SubViewport/World/Forest3D" unique_id=498262199 instance=ExtResource("12_khirb")]
transform = Transform3D(1, 0, 0, 0, 1, 0, 0, 0, 1, -30.705011, -0.08597219, -58.17387)

[node name="cedar_tree3" parent="SubViewport/World/Forest3D" unique_id=181409840 instance=ExtResource("11_055tb")]
transform = Transform3D(1, 0, 0, 0, 1, 0, 0, 0, 1, -26.01115, 0.5274707, -61.27981)

[node name="cedar_tree4" parent="SubViewport/World/Forest3D" unique_id=1329804667 instance=ExtResource("11_055tb")]
transform = Transform3D(1, 0, 0, 0, 0.99934113, 0.036294878, 0, -0.036294878, 0.99934113, -21.04404, 0.24173212, -65.784164)

[node name="pine_tree3" parent="SubViewport/World/Forest3D" unique_id=1304398895 instance=ExtResource("10_giphs")]
transform = Transform3D(1, 0, 0, 0, 1, 0, 0, 0, 1, -18.649326, -0.05511272, -65.16306)

[node name="cedar_tree5" parent="SubViewport/World/Forest3D" unique_id=588071507 instance=ExtResource("11_055tb")]
transform = Transform3D(1, 0, 0, 0, 1, 0, 0, 0, 1, -26.505457, 0.14022481, -67.31711)

[node name="pine_tree4" parent="SubViewport/World/Forest3D" unique_id=1196495224 instance=ExtResource("10_giphs")]
transform = Transform3D(1, 0, 0, 0, 1, 0, 0, 0, 1, -27.135199, -0.44804335, -72.40682)

[node name="tall_fir_tree4" parent="SubViewport/World/Forest3D" unique_id=1187913974 instance=ExtResource("12_khirb")]
transform = Transform3D(1, 0, 0, 0, 1, 0, 0, 0, 1, -18.136925, -0.09636915, -75.47513)

[node name="cedar_tree6" parent="SubViewport/World/Forest3D" unique_id=904438447 instance=ExtResource("11_055tb")]
transform = Transform3D(1, 0, 0, 0, 1, 0, 0, 0, 1, -27.37155, 0.34331778, -76.768036)

[node name="cedar_tree7" parent="SubViewport/World/Forest3D" unique_id=1112639612 instance=ExtResource("11_055tb")]
transform = Transform3D(1, 0, 0, 0, 1, 0, 0, 0, 1, -20.37181, -0.45586765, -80.73074)

[node name="pine_tree5" parent="SubViewport/World/Forest3D" unique_id=1438845313 instance=ExtResource("10_giphs")]
transform = Transform3D(1, 0, 0, 0, 1, 0, 0, 0, 1, -18.075212, 0.27150095, -40.53546)

[node name="pine_tree6" parent="SubViewport/World/Forest3D" unique_id=1689409098 instance=ExtResource("10_giphs")]
transform = Transform3D(0.9925547, 0.121800065, 0, -0.121800065, 0.9925547, 0, 0, 0, 1, -17.502869, 0.30356854, -37.33955)

[node name="tall_fir_tree5" parent="SubViewport/World/Forest3D" unique_id=262005635 instance=ExtResource("12_khirb")]
transform = Transform3D(1, 0, 0, 0, 1, 0, 0, 0, 1, -25.80709, -0.3360784, -37.096584)

[node name="cedar_tree8" parent="SubViewport/World/Forest3D" unique_id=44862914 instance=ExtResource("11_055tb")]
transform = Transform3D(1, 0, 0, 0, 1, 0, 0, 0, 1, -29.864851, 0.24275327, -34.959896)

[node name="cedar_tree9" parent="SubViewport/World/Forest3D" unique_id=1899482997 instance=ExtResource("11_055tb")]
transform = Transform3D(0.7151562, 0, -0.69896466, 0, 1, 0, 0.69896466, 0, 0.7151562, -11.989277, -0.06893891, -76.75744)

[node name="tall_fir_tree6" parent="SubViewport/World/Forest3D" unique_id=367352311 instance=ExtResource("12_khirb")]
transform = Transform3D(1, 0, 0, 0, 0.996804, -0.07988577, 0, 0.07988577, 0.996804, -6.1184287, 0.0010437965, -82.67255)

[node name="tall_fir_tree7" parent="SubViewport/World/Forest3D" unique_id=1293434327 instance=ExtResource("12_khirb")]
transform = Transform3D(1, 0, 0, 0, 1, 0, 0, 0, 1, -12.825012, 0.4579301, -81.68005)

[node name="pine_tree7" parent="SubViewport/World/Forest3D" unique_id=316570409 instance=ExtResource("10_giphs")]
transform = Transform3D(1, 0, 0, 0, 1, 0, 0, 0, 1, -15.954598, 0.37277567, -86.72281)

[node name="cedar_tree10" parent="SubViewport/World/Forest3D" unique_id=436207060 instance=ExtResource("11_055tb")]
transform = Transform3D(1, 0, 0, 0, 1, 0, 0, 0, 1, -10.998625, 0.45793295, -88.470955)

[node name="cedar_tree11" parent="SubViewport/World/Forest3D" unique_id=2078346581 instance=ExtResource("11_055tb")]
transform = Transform3D(1, 0, 0, 0, 0.9986865, -0.051237874, 0, 0.051237874, 0.9986865, -0.26741123, -0.26878548, -86.28855)

[node name="pine_tree8" parent="SubViewport/World/Forest3D" unique_id=2117019161 instance=ExtResource("10_giphs")]
transform = Transform3D(1, 0, 0, 0, 1, 0, 0, 0, 1, -4.9697304, 0.3727728, -88.26689)

[node name="tall_fir_tree8" parent="SubViewport/World/Forest3D" unique_id=433097061 instance=ExtResource("12_khirb")]
transform = Transform3D(0.47210458, 0, -0.88154256, 0, 1, 0, 0.88154256, 0, 0.47210458, -2.0017853, 0.45793104, -93.143776)

[node name="cedar_tree12" parent="SubViewport/World/Forest3D" unique_id=792779640 instance=ExtResource("11_055tb")]
transform = Transform3D(0.91212726, 0, -0.4099071, 0, 1, 0, 0.4099071, 0, 0.91212726, -7.6986246, 0.45793295, -95.71595)

[node name="cedar_tree13" parent="SubViewport/World/Forest3D" unique_id=1744904287 instance=ExtResource("11_055tb")]
transform = Transform3D(0.9933768, 0.114902474, 0, -0.114579186, 0.99058187, -0.07496133, -0.008613242, 0.07446484, 0.9971864, -14.678077, -0.05347061, -95.50208)

[node name="tall_fir_tree9" parent="SubViewport/World/Forest3D" unique_id=440823422 instance=ExtResource("12_khirb")]
transform = Transform3D(1, 0, 0, 0, 1, 0, 0, 0, 1, 11.872514, -2.277969, -95.20759)

[node name="pine_tree9" parent="SubViewport/World/Forest3D" unique_id=581765365 instance=ExtResource("10_giphs")]
transform = Transform3D(1, 0, 0, 0, 0.9966502, 0.08178195, 0, -0.08178195, 0.9966502, 1.0212507, 0.18063223, -89.92065)

[node name="cedar_tree14" parent="SubViewport/World/Forest3D" unique_id=325409109 instance=ExtResource("11_055tb")]
transform = Transform3D(-0.9943608, 0.030398538, 0.10160078, 0.020379962, 0.9949552, -0.09822923, -0.10407413, -0.09560466, -0.9899638, 8.266016, -1.5518184, -76.66954)

[node name="tall_fir_tree10" parent="SubViewport/World/Forest3D" unique_id=1735923705 instance=ExtResource("12_khirb")]
transform = Transform3D(0.879565, 0.20286812, 0.4303604, -0.1253913, 0.9714009, -0.20163691, -0.45895794, 0.123389214, 0.879848, -11.537066, 0.8015926, -102.66243)

[node name="pine_tree10" parent="SubViewport/World/Forest3D" unique_id=836697153 instance=ExtResource("10_giphs")]
transform = Transform3D(0.78144425, 0, -0.62397504, 0, 1, 0, 0.62397504, 0, 0.78144425, 5.488673, 0.37277472, -91.15052)

[node name="pine_tree11" parent="SubViewport/World/Forest3D" unique_id=254153783 instance=ExtResource("10_giphs")]
transform = Transform3D(0.70235187, 0, -0.71182996, 0, 1, 0, 0.71182996, 0, 0.70235187, -2.5016441, 0.37277567, -97.72698)

[node name="cedar_tree15" parent="SubViewport/World/Forest3D" unique_id=1321198456 instance=ExtResource("11_055tb")]
transform = Transform3D(0.6783136, 0, -0.7347725, 0, 1, 0, 0.7347725, 0, 0.6783136, 7.6719227, 0.061256886, -99.333374)

[node name="tall_fir_tree11" parent="SubViewport/World/Forest3D" unique_id=1895963592 instance=ExtResource("12_khirb")]
transform = Transform3D(0.64548796, 0.06628566, -0.7608887, -0.10136525, 0.9948491, 0.00067578256, 0.75701433, 0.07669146, 0.6488821, -20.2063, 0.5869014, -92.44539)

[node name="cedar_tree16" parent="SubViewport/World/Forest3D" unique_id=1637650885 instance=ExtResource("11_055tb")]
transform = Transform3D(0.9124587, 0.12123516, -0.39079544, -0.1754458, 0.97876537, -0.10600501, 0.3696455, 0.16528863, 0.9143534, -16.398283, 4.121568, -104.197044)

[node name="tall_fir_tree12" parent="SubViewport/World/Forest3D" unique_id=1967174955 instance=ExtResource("12_khirb")]
transform = Transform3D(0.6721471, 0.13184153, 0.7285849, 0.07241931, 0.9675946, -0.24190119, -0.7368674, 0.21535678, 0.640818, -10.008847, 2.7523332, -106.23039)

[node name="cedar_tree17" parent="SubViewport/World/Forest3D" unique_id=1529985532 instance=ExtResource("11_055tb")]
transform = Transform3D(1, 0, 0, 0, 0.9975335, -0.07019174, 0, 0.07019174, 0.9975335, 1.7985907, 0.2395153, -100.68341)

